0
0.006019262
0.014044944
0.020064205
0.026083467
0.032102729
0.040128411
0.046147673
0.052166934
0.058186196
0.066211878
0.07223114
0.078250401
0.086276083
0.092295345
0.098314607
0.104333868
0.112359551
0.118378812
0.124398074
0.130417335
0.136436597
0.144462279
0.150481541
0.156500803
0.162520064
0.170545746
0.176565008
0.18258427
0.188603531
0.194622793
0.200642055
0.208667737
0.214686998
0.22070626
0.226725522
0.232744783
0.238764045
0.244783307
0.252808989
0.25882825
0.264847512
0.270866774
0.276886035
0.282905297
0.288924559
0.29494382
0.300963082
0.306982343
0.313001605
0.319020867
0.325040128
0.33105939
0.337078652
0.343097913
0.349117175
0.355136437
0.359149278
0.365168539
0.371187801
0.377207063
0.383226324
0.389245586
0.393258427
0.399277689
0.40529695
0.411316212
0.415329053
0.421348315
0.427367576
0.431380417
0.437399679
0.44141252
0.447431782
0.453451043
0.457463884
0.463483146
0.467495987
0.471508828
0.47752809
0.481540931
0.487560193
0.491573034
0.495585875
0.499598716
0.505617978
0.509630819
0.51364366
0.517656501
0.521669342
0.525682183
0.529695024
0.533707865
0.537720706
0.541733547
0.545746388
0.54975923
0.55176565
0.555778491
0.559791332
0.561797753
