0
0.007352941
0.017156863
0.024509804
0.031862745
0.039215686
0.049019608
0.056372549
0.06372549
0.071078431
0.080882353
0.088235294
0.095588235
0.102941176
0.110294118
0.120098039
0.12745098
0.134803922
0.142156863
0.151960784
0.159313725
0.166666667
0.174019608
0.183823529
0.191176471
0.198529412
0.205882353
0.213235294
0.223039216
0.230392157
0.237745098
0.245098039
0.254901961
0.262254902
0.269607843
0.276960784
0.284313725
0.294117647
0.301470588
0.308823529
0.316176471
0.323529412
0.330882353
0.340686275
0.348039216
0.355392157
0.362745098
0.370098039
0.37745098
0.384803922
0.394607843
0.401960784
0.409313725
0.416666667
0.424019608
0.431372549
0.43872549
0.446078431
0.453431373
0.460784314
0.468137255
0.475490196
0.482843137
0.490196078
0.49754902
0.504901961
0.512254902
0.519607843
0.526960784
0.534313725
0.541666667
0.549019608
0.556372549
0.56372549
0.571078431
0.578431373
0.585784314
0.590686275
0.598039216
0.605392157
0.612745098
0.620098039
0.625
0.632352941
0.639705882
0.644607843
0.651960784
0.659313725
0.664215686
0.671568627
0.676470588
0.683823529
0.68872549
0.696078431
0.700980392
0.705882353
0.713235294
0.718137255
0.723039216
0.727941176
0.732843137
